"Name";"Bereich";"Information";"V.-Datum";"Relevanz";"session.sessionid=";"fts_search_list.selected";"fts_search_list.destHistoryId";"timestamp"
"Bauerngut Fleisch- und Wurstwaren GmbH (Minden),  EDEKA Handelsgesellschaft Minden- Hannover mbH (Minden),  EDEKA-Markt Minden-Hannover GmbH (Minden),  EDEKA Minden-Hannover IT-Service GmbH (Minden),  MIOS-Werbung Gesellschaft mit beschränkter Haftung (Minden),  Schäfer's Brot- u. Kuchen- Spezialitäten GmbH (Porta Westfalica) Minden";"Rechnungslegung/ Finanzberichte";"» §§ 264 Abs. 3, 264b HGB zum Geschäftsjahr vom 01.01.2019 bis zum 31.12.2019 EDEKA Minden-Hannover Stiftung & Co. KG (Minden)";"06.04.2020";"100%";"0d747c0b2dd5781887ce3d83356491d9";"fa92bb813320cfa9";"44074";"Wed Jul  8 23:47:07 2020"
"AMARAS AG (Monheim am Rhein),  ARP Europe GmbH (Heilbronn),  ARP GmbH (Dietzenbach),  Bechtle-Comsoft GmbH (Neckarsulm),  Bechtle Data Verwaltungs-GmbH (Gaildorf),  Bechtle direct GmbH (Neckarsulm),  Bechtle Field Services Verwaltungs-GmbH (Neckarsulm),  Bechtle Finance GmbH (Neckarsulm),  Bechtle Finanz- & Marketingservices GmbH (Gaildorf),  Bechtle GmbH (Ulm),  Bechtle Hosting & Operations Verwaltungs-GmbH (Neckarsulm),  Bechtle Kapitalbeteiligungs-Verwaltungs-GmbH (Gaildorf),  Bechtle Remarketing GmbH (Wesel),  Bechtle Verwaltungs-GmbH (Bielefeld),  Bechtle Verwaltungs-GmbH (Bonn),  Bechtle Verwaltungs-GmbH (Chemnitz),  Bechtle Verwaltungs-GmbH (Münster),  Bechtle Verwaltungs-GmbH (Ober-Mörlen),  BO Bechtle Verwaltungs- GmbH (Duisburg),  Bücker IT-Security GmbH (Hille),  C-CAM GmbH (Chemnitz),  Coffee GmbH Computerlösungen für Fertigung und Entwicklung (Angelburg),  DA Bechtle Verwaltungs-GmbH (Darmstadt),  FH Bechtle Verwaltungs-GmbH (Friedrichshafen),  HanseVision GmbH (Hamburg),  HCV Data Management GmbH (Walluf),  HN Bechtle Verwaltungs-GmbH (Neckarsulm),  intelligent IT solutions Beteiligungs-GmbH (Gaildorf),  KA Bechtle Verwaltungs-GmbH (Karlsruhe),  MA Bechtle Verwaltungs- GmbH (Mannheim),  MH Bechtle Verwaltungs-GmbH (Gaildorf),  MODUS Consult GmbH (Gütersloh),  MS Mikro Software Gesellschaft für Systemanalyse und Engineering mbH (Gaildorf),
                                        OCR Datensysteme GmbH (Gaildorf),  PSB IT-Service GmbH (Ober-Mörlen),  RB Bechtle Verwaltungs-GmbH (Rottenburg am Neckar),  REG Bechtle Verwaltungs-GmbH (Regensburg),  Solid Line Aktiengesellschaft (Walluf),  SolidPro Informationssysteme GmbH (Langenau) Neckarsulm";"Rechnungslegung/ Finanzberichte";"» §§ 264 Abs. 3, 264b HGB zum Geschäftsjahr vom 01.01.2019 bis zum 31.12.2019 Bechtle Aktiengesellschaft (Neckarsulm)";"01.04.2020";"100%";"0d747c0b2dd5781887ce3d83356491d9";"4330c563e05e96b5";"44074";"Wed Jul  8 23:47:07 2020"
"Bechtle Aktiengesellschaft Neckarsulm";"» Konzernabschluss zum Geschäftsjahr vom 01.01.2019 bis zum 31.12.2019";"30.03.2020";"0d747c0b2dd5781887ce3d83356491d9";"4330c563e05e96b5";"44074";"Wed Jul  8 23:47:07 2020";"";""
"Bechtle Clouds GmbH (Neckarsulm),  Bechtle direct Public Sector GmbH (Neckarsulm),  Bechtle E-Commerce Holding AG (Neckarsulm),  Bechtle GmbH (Berlin),  Bechtle GmbH (Bremen),  Bechtle GmbH (Dortmund),  Bechtle GmbH (Frankfurt am Main),  Bechtle GmbH (Freiburg im Breisgau),  Bechtle GmbH (Hamburg),  Bechtle GmbH (Hannover),  Bechtle GmbH (Köln),  Bechtle GmbH (Leipzig),  Bechtle GmbH (Nürnberg),  Bechtle GmbH (Offenburg),  Bechtle GmbH (Radolfzell am Bodensee),  Bechtle GmbH (Solingen),  Bechtle GmbH (Stuttgart),  Bechtle GmbH (Weimar),  Bechtle GmbH (Würselen),  Bechtle GmbH (Würzburg),  Bechtle Grundstücksverwaltungsgesellschaft mbH (Neckarsulm),  Bechtle Immobilien GmbH (Neckarsulm),  Bechtle IT-Systemhaus GmbH (Krefeld),  Bechtle Logistik & Service GmbH (Neckarsulm),  Bechtle Managed Services AG (Neckarsulm),  Bechtle Mobility GmbH (Hamburg),  Bechtle Onsite Services GmbH (Neckarsulm),  Bechtle Systemhaus Holding AG (Neckarsulm),  ITZ Informationstechnologie GmbH (Essen),  PP 2000 Business Integration AG (Stuttgart),  PSB GmbH (Dreieich) Neckarsulm";"Rechnungslegung/ Finanzberichte";"» §§ 264 Abs. 3, 264b HGB zum Geschäftsjahr vom 01.01.2019 bis zum 31.12.2019 Bechtle Aktiengesellschaft (Neckarsulm)";"01.04.2020";"100%";"0d747c0b2dd5781887ce3d83356491d9";"27b27ce490ac8ccc";"44074";"Wed Jul  8 23:47:07 2020"
"Bechtle Aktiengesellschaft Neckarsulm";"» Konzernabschluss zum Geschäftsjahr vom 01.01.2019 bis zum 31.12.2019";"30.03.2020";"0d747c0b2dd5781887ce3d83356491d9";"27b27ce490ac8ccc";"44074";"Wed Jul  8 23:47:07 2020";"";""
"serv.it Gesellschaft für IT Services mbH Sassenberg";"Rechnungslegung/ Finanzberichte";"» §§ 264 Abs. 3, 264b HGB zum Geschäftsjahr vom 01.01.2019 bis zum 31.12.2019 heristo holding gmbh (Bad Rothenfelde)";"27.03.2020";"100%";"0d747c0b2dd5781887ce3d83356491d9";"7f19769c0d85fc36";"44074";"Wed Jul  8 23:47:07 2020"
"ADAC Autovermietung GmbH (München),  ADAC Camping GmbH (München),  ADAC Finanzdienste GmbH (München),  ADAC HEMS und Fachkräfte GmbH (München),  ADAC IT Service GmbH (München),  ADAC Medien und Reise GmbH (München),  ADAC Service GmbH (München),  Aero-Dienst GmbH (Nürnberg),  Dienstleistungs-Center Halle GmbH (DLC Halle) (Halle (Saale)),  GKS Gesellschaft für Kommunikationsservice mbH (Passau) München";"Rechnungslegung/ Finanzberichte";"» §§ 264 Abs. 3, 264b HGB zum Geschäftsjahr vom 01.01.2019 bis zum 31.12.2019 ADAC SE (München)";"11.03.2020";"100%";"0d747c0b2dd5781887ce3d83356491d9";"ba3b30fc7c7c5556";"44074";"Wed Jul  8 23:47:07 2020"
"Trimetis GFB IT-Consulting GmbH (vormals: GFB EDV Consulting und Services Gesellschaft
                                       mbH) Oberursel (Taunus)";"Rechnungslegung/ Finanzberichte";"» Jahresabschluss zum Geschäftsjahr vom 01.01.2018 bis zum 31.12.2018";"06.03.2020";"100%";"0d747c0b2dd5781887ce3d83356491d9";"0fcb7998e8689e3c";"44074";"Wed Jul  8 23:47:07 2020"
"TLH Gesellschaft für IT Beratung,  Service und Qualitätsmanagement mbH Gorxheimertal";"Rechnungslegung/ Finanzberichte";"» Jahresabschluss zum Geschäftsjahr vom 01.01.2018 bis zum 31.12.2018";"03.03.2020";"100%";"0d747c0b2dd5781887ce3d83356491d9";"d2ea988df46f2800";"44074";"Wed Jul  8 23:47:07 2020"
"AMARAS AG (Monheim am Rhein),  ARP Europe GmbH (Heilbronn),  ARP GmbH (Dietzenbach),  Bechtle Clouds GmbH (Neckarsulm),  Bechtle-Comsoft GmbH (Neckarsulm),  Bechtle Data Verwaltungs-GmbH (Gaildorf),  Bechtle direct GmbH (Neckarsulm),  Bechtle direct Public Sector GmbH (Neckarsulm),  Bechtle E-Commerce Holding AG (Neckarsulm),  Bechtle Field Services GmbH & Co. KG (Neckarsulm),  Bechtle Field Services Verwaltungs-GmbH (Neckarsulm),  Bechtle Finance GmbH (Neckarsulm),  Bechtle Financial Services AG (Berlin),  Bechtle Finanz- & Marketingservices GmbH (Gaildorf),  Bechtle GmbH (Berlin),  Bechtle GmbH (Bremen),  Bechtle GmbH (Dortmund),  Bechtle GmbH (Frankfurt am Main),  Bechtle GmbH (Freiburg im Breisgau),  Bechtle GmbH (Hamburg),  Bechtle GmbH (Hannover),  Bechtle GmbH (Köln),  Bechtle GmbH (Leipzig),  Bechtle GmbH (Nürnberg),  Bechtle GmbH (Offenburg),  Bechtle GmbH (Radolfzell am Bodensee),  Bechtle GmbH (Solingen),  Bechtle GmbH (Stuttgart),  Bechtle GmbH (Ulm),  Bechtle GmbH (Weimar),  Bechtle GmbH (Würselen),  Bechtle GmbH (Würzburg),  Bechtle GmbH & Co.KG (Rottenburg am Neckar),  Bechtle GmbH & Co. KG (Bielefeld),  Bechtle GmbH & Co. KG (Bonn),  Bechtle GmbH & Co. KG (Chemnitz),  Bechtle GmbH & Co. KG (Darmstadt),  Bechtle GmbH & Co. KG (Duisburg),  Bechtle GmbH & Co. KG (Karlsruhe),  Bechtle GmbH & Co. KG (Mannheim),  Bechtle GmbH & Co. KG (Münster),  Bechtle GmbH & Co. KG (Neckarsulm),  Bechtle GmbH & Co. KG (Regensburg),  Bechtle Grundstücksverwaltungsgesellschaft mbH (Neckarsulm),  Bechtle Hosting & Operations GmbH & Co. KG (Neckarsulm),  Bechtle Hosting & Operations Verwaltungs-GmbH (Neckarsulm),  Bechtle Immobilien GmbH (Neckarsulm),  Bechtle IT-Systemhaus GmbH (Krefeld),  Bechtle IT-Systemhaus GmbH & Co. KG (Ober-Mörlen),  Bechtle Kapitalbeteiligungs-Verwaltungs-GmbH (Gaildorf),  Bechtle Logistik & Service GmbH (Neckarsulm),  Bechtle Managed Services AG (Neckarsulm),  Bechtle Mobility GmbH (Hamburg),  Bechtle Onsite Services GmbH (Neckarsulm),  Bechtle Remarketing GmbH (Wesel),  Bechtle Systemhaus Holding AG (Neckarsulm),  Bechtle Verwaltungs-GmbH (Bielefeld),  Bechtle Verwaltungs-GmbH (Bonn),  Bechtle Verwaltungs-GmbH (Chemnitz),  Bechtle Verwaltungs-GmbH (Münster),  Bechtle Verwaltungs-GmbH (Ober-Mörlen),  BO Bechtle Verwaltungs- GmbH (Duisburg),  Bücker IT-Security GmbH (Hille),  C-CAM GmbH (Chemnitz),  Coffee GmbH Computerlösungen für Fertigung und Entwicklung (Angelburg),  DA Bechtle Verwaltungs-GmbH (Darmstadt),  EXE GmbH (Mönchengladbach),  FH Bechtle Verwaltungs-GmbH (Friedrichshafen),  HanseVision GmbH (Hamburg),  HCV Data Management GmbH (Walluf),  HN Bechtle Verwaltungs-GmbH (Neckarsulm),  intelligent IT solutions Beteiligungs-GmbH (Gaildorf),  ITZ Informationstechnologie GmbH (Essen),  KA Bechtle Verwaltungs-GmbH (Karlsruhe),  MA Bechtle Verwaltungs- GmbH (Mannheim),  MH Bechtle Verwaltungs-GmbH (Gaildorf),  MODUS Consult GmbH (Gütersloh),  MS Mikro Software Gesellschaft für Systemanalyse und Engineering mbH (Gaildorf),
                                        OCR Datensysteme GmbH (Gaildorf),  PP 2000 Business Integration AG (Stuttgart),  PSB GmbH (Dreieich),  PSB IT-Service GmbH (Ober-Mörlen),  RB Bechtle Verwaltungs-GmbH (Rottenburg am Neckar),  REG Bechtle Verwaltungs-GmbH (Regensburg),  Solid Line Aktiengesellschaft (Walluf),  SolidPro Informationssysteme GmbH (Langenau),  Stemmer GmbH (Olching) Neckarsulm";"Rechnungslegung/ Finanzberichte";"» §§ 264 Abs. 3, 264b HGB zum Geschäftsjahr vom 01.01.2019 bis zum 31.12.2019 Bechtle Aktiengesellschaft (Neckarsulm)";"03.03.2020";"100%";"0d747c0b2dd5781887ce3d83356491d9";"45f167d260a3168f";"44074";"Wed Jul  8 23:47:07 2020"
"Bechtle Aktiengesellschaft Neckarsulm";"» Konzernabschluss zum Geschäftsjahr vom 01.01.2019 bis zum 31.12.2019";"30.03.2020";"0d747c0b2dd5781887ce3d83356491d9";"45f167d260a3168f";"44074";"Wed Jul  8 23:47:07 2020";"";""
"Distriparts Deutschland GmbH (Karlsruhe),  GMED Healthcare Solutions GmbH (Stuttgart),  IT Chain GmbH (Karlsruhe),  Simon Hegele Personalservice GmbH (Forchheim) Karlsruhe";"Rechnungslegung/ Finanzberichte";"» §§ 264 Abs. 3, 264b HGB zum Geschäftsjahr vom 01.01.2019 bis zum 31.12.2019 Simon Hegele Gesellschaft für Logistik und Service mbH (Karlsruhe)";"27.02.2020";"100%";"0d747c0b2dd5781887ce3d83356491d9";"6228098e43b3ba7f";"44074";"Wed Jul  8 23:47:07 2020"
"dna Gesellschaft für IT Services mbH Hamburg";"Rechnungslegung/ Finanzberichte";"» Jahresabschluss zum Geschäftsjahr vom 01.01.2018 bis zum 31.12.2018";"03.02.2020";"100%";"0d747c0b2dd5781887ce3d83356491d9";"6c9e4bd22a62deeb";"44074";"Wed Jul  8 23:47:07 2020"
"SERKEM Gesellschaft für IT-Services und Consulting mbH Eging a. See";"Rechnungslegung/ Finanzberichte";"» Jahresabschluss zum Geschäftsjahr vom 01.01.2018 bis zum 31.12.2018";"27.01.2020";"100%";"0d747c0b2dd5781887ce3d83356491d9";"49daa88d815f30e7";"44074";"Wed Jul  8 23:47:07 2020"
"Bauerngut Fleisch- und Wurstwaren GmbH (Minden),  EDEKA Handelsgesellschaft Minden- Hannover mbH (Minden),  EDEKA-Markt Minden-Hannover GmbH (Minden),  EDEKA Minden-Hannover IT-Service GmbH (Minden),  MIOS-Werbung Gesellschaft mit beschränkter Haftung (Minden),  Schäfer's Brot- u. Kuchen- Spezialitäten GmbH (Porta Westfalica) Minden";"Rechnungslegung/ Finanzberichte";"» §§ 264 Abs. 3, 264b HGB zum Geschäftsjahr vom 01.01.2018 bis zum 31.12.2018 EDEKA Minden-Hannover Stiftung & Co. KG (Minden)";"23.01.2020";"100%";"0d747c0b2dd5781887ce3d83356491d9";"f86bbadfe5cb35dd";"44074";"Wed Jul  8 23:47:07 2020"
"EDEKA Minden-Hannover Stiftung & Co. KG Minden";"» Konzernabschluss zum Geschäftsjahr vom 01.01.2018 bis zum 31.12.2018";"25.02.2020";"0d747c0b2dd5781887ce3d83356491d9";"f86bbadfe5cb35dd";"44074";"Wed Jul  8 23:47:07 2020";"";""
"F & G Logistik GmbH & Co. KG (Isernhagen),  FGS Handels-GmbH & Co. KG Immobilien (Oberhausen),  FuG Handelsgesellschaft Mitte mbH & Co. KG (Porta Westfalica),  FuG Handelsgesellschaft Ost mbH & Co. KG (Landsberg),  FuG Handelsgesellschaft West mbH & Co. KG (Frechen),  Handels SB Möbel Boss GmbH & Co. KG Braunschweig (Braunschweig),  Handels SB Möbel Boss GmbH & Co. KG Ludwigshafen (Ludwigshafen a. Rh.),  MEDIA Werbe-GmbH & Co. Kommanditgesellschaft (Porta Westfalica),  Möbel Hausmann Handels GmbH & Co. KG (Köln),  Möbel Hausmann Handels GmbH & Co. KG Bergheim (Bergheim),  Porta Gaststätten GmbH & Co. KG (Porta Westfalica),  Porta IT-Service GmbH & Co. KG (Porta Westfalica),  Porta Küchenwelt Leipzig GmbH & Co. KG (Leipzig),  Porta Möbel Handels GmbH & Co. KG Aachen (Aachen),  Porta Möbel Handels GmbH & Co. KG Alte Messe Leipzig (Leipzig),  Porta Möbel Handels GmbH & Co. KG Bad Vilbel (Bad Vilbel),  Porta Möbel Handels GmbH & Co. KG Barkhausen (Porta Westfalica),  Porta Möbel Handels GmbH & Co. KG Berlin-Mahlsdorf (Berlin),  Porta Möbel Handels GmbH & Co. KG Bielefeld (Bielefeld),  Porta Möbel Handels GmbH & Co. KG Bornheim (Bornheim),  Porta Möbel Handels GmbH & Co. KG Braunschweig (Braunschweig),  Porta Möbel Handels GmbH & Co. KG Dessau (Dessau-Roßlau),  Porta Möbel Handels GmbH & Co. KG Frechen (Frechen),  Porta Möbel Handels GmbH & Co. KG Görlitz (Görlitz),  Porta Möbel Handels GmbH & Co. KG Gütersloh (Gütersloh),  Porta Möbel Handels GmbH & Co. KG Halberstadt (Halberstadt),  Porta Möbel Handels GmbH & Co. KG Hannover (Isernhagen),  Porta Möbel Handels GmbH & Co. KG Jena (Jena),  Porta Möbel Handels GmbH & Co. KG Köln Porz-Lind (Köln),  Porta Möbel Handels GmbH & Co. KG Laatzen (Laatzen),  Porta Möbel Handels GmbH & Co.KG Magdeburg (Magdeburg),  Porta Möbel Handels GmbH & Co. KG Neuwied (Neuwied),  Porta Möbel Handels GmbH & Co. KG Potsdam (Potsdam),  Porta Möbel Handels GmbH & Co. KG Stendal (Stendal),  Porta Möbel Handels GmbH & Co. KG Wallenhorst (Wallenhorst),  Porta Möbel Handels GmbH & Co. KG Wiedemar (Wiedemar),  Porta Möbel Handels GmbH & Co. KG,  Zwickau (Zwickau),  Porta Möbel Logistik GmbH & Co. KG für Berlin (Trebbin),  Porta Möbel Logistik GmbH & Co. KG für Hessen (Maintal),  Porta Möbel Logistik GmbH & Co. KG für Rheinland (Frechen),  Porta Möbel Logistik GmbH & Co. KG. für Westfalen (Porta Westfalica),  Porta Möbel Logistik GmbH & KG für Sachsen (Sietzsch),  Porta Möbel Online Shop GmbH & Co. KG (Porta Westfalica),  Porta Service & Beratungs GmbH & Co KG (Porta Westfalica),  SB Boss Immobilien GmbH & Co. KG Kassel (Kassel),  SB Möbel Boss GmbH & Co. KG Bielefeld (Bielefeld),  SB Möbel Boss GmbH & Co. KG,  Elxleben (Elxleben),  SB Möbel Boss GmbH & Co.KG. Halberstadt (Halberstadt),  SB Möbel Boss GmbH & Co.KG Hameln (Hameln),  SB Möbel Boss GmbH & Co. KG Kassel (Kassel),  SB Möbel Boss GmbH & Co. KG Minden (Minden),  SB Möbel Boss GmbH & Co. KG Nordhausen (Nordhausen),  SB Möbel Boss GmbH & Co.KG Salzgitter (Salzgitter),  SB Möbel Boss GmbH & Co. KG Tangermünde (Tangermünde),  SB Möbel Boss GmbH u. Co. KG Lippstadt (Lippstadt),  SB Möbel Boss Handelsgesellschaft mbH & Co. KG (Porta Westfalica),  SB Möbel Boss Handels GmbH & Co. KG Aachen (Porta Westfalica),  SB Möbel Boss Handels GmbH & Co. KG Alte Messe Leipzig (Leipzig),  SB Möbel Boss Handels GmbH & Co. KG Altenburg (Altenburg),  SB Möbel Boss Handels GmbH & Co. KG Berlin-Mahlsdorf (Berlin),  SB Möbel Boss Handels GmbH & Co. KG Berlin-Spandau (Berlin),  SB Möbel Boss Handels GmbH & Co. KG Bernau (Bernau bei Berlin),  SB Möbel Boss Handels GmbH & Co. KG Bobbau (Bobbau),  SB Möbel Boss Handels GmbH & Co. KG Bornheim (Bornheim),  SB Möbel Boss Handels GmbH & Co. KG Brandenburg (Brandenburg an der Havel),  SB Möbel Boss Handels GmbH & Co. KG Bremen (Bremen),  SB Möbel Boss Handels GmbH & Co. KG Castrop-Rauxel (Castrop-Rauxel),  SB Möbel Boss Handels GmbH & Co. KG,  Chemnitz (Chemnitz),  SB Möbel Boss Handels GmbH & Co. KG Cottbus (Cottbus),  SB Möbel Boss Handels GmbH & Co. KG Dessau (Dessau-Roßlau),  SB Möbel Boss Handels GmbH & Co. KG Detmold (Detmold),  SB Möbel Boss Handels GmbH & Co. KG,  Döbeln (Döbeln),  SB Möbel Boss Handels GmbH & Co. KG Dortmund (Dortmund),  SB Möbel Boss Handels-GmbH & Co. KG,  Dresden (Dresden),  SB Möbel Boss Handels GmbH & Co. KG Düren (Düren),  SB Möbel Boss Handels GmbH & Co. KG Einbeck (Einbeck),  SB Möbel Boss Handels GmbH & Co. KG Eschborn (Eschborn),  SB Möbel Boss Handels GmbH & Co. KG Essen (Essen),  SB Möbel Boss Handels GmbH & Co. KG Falkensee (Falkensee),  SB Möbel Boss Handels GmbH & Co. KG Frankfurt (Oder) (Frankfurt (Oder)),  SB Möbel Boss Handels GmbH & Co.KG Frechen (Frechen),  SB Möbel Boss Handels GmbH & Co. KG Freiberg (Freiberg),  SB Möbel Boss Handels GmbH & Co. KG Gera (Gera),  SB Möbel Boss Handels GmbH & Co. KG Gompitz (Gompitz),  SB Möbel Boss Handels GmbH & Co. KG Görlitz (Görlitz),  SB Möbel Boss Handels GmbH & Co. KG Göttingen (Göttingen),  SB Möbel Boss Handels GmbH & Co. KG Güstrow (Güstrow),  SB Möbel Boss Handels GmbH & Co. KG Gütersloh (Gütersloh),  SB Möbel Boss Handels GmbH & Co. KG Halle a.d. Saale (Halle/Saale),  SB Möbel Boss Handels GmbH & Co. KG Halle-Peißen (Peißen (Saalkreis)),  SB Möbel Boss Handels GmbH & Co. KG Hamm/Westf. (Hamm),  SB Möbel Boss Handels GmbH & Co. KG Hannover-Altwarmbüchen (Isernhagen),  SB Möbel Boss Handels GmbH & Co. KG Hannover-Linden (Porta Westfalica),  SB Möbel Boss Handels GmbH & Co. KG Herford (Herford),  SB Möbel Boss Handels GmbH & Co. KG Hilden (Hilden),  SB Möbel Boss Handels GmbH & Co. KG Hildesheim (Hildesheim),  SB Möbel Boss Handels GmbH & Co.KG Hoyerswerda (Hoyerswerda),  SB Möbel Boss Handels GmbH & Co. KG Idar-Oberstein (Idar-Oberstein),  SB Möbel BOSS Handels GmbH & Co. KG Jena (Jena),  SB Möbel Boss Handels GmbH & Co. KG Köln-Lind (Köln),  SB Möbel Boss Handels GmbH & Co. KG Laatzen (Laatzen),  SB Möbel Boss Handels GmbH & Co. KG,  Leipzig (Leipzig),  SB Möbel Boss Handels GmbH & Co. KG Leipzig-Paunsdorf (Leipzig),  SB Möbel Boss Handels GmbH & Co. KG Lübbecke (Lübbecke),  SB Möbel Boss Handels GmbH & Co. KG Luckenwalde (Luckenwalde),  SB Möbel Boss Handels GmbH & Co. KG Lüneburg (Lüneburg),  SB Möbel Boss Handels GmbH & Co. KG Magdeburg (Magdeburg),  SB Möbel Boss Handels GmbH & Co. KG,  Markranstädt (Markranstädt),  SB Möbel Boss Handels GmbH & Co. KG Moers (Moers),  SB Möbel Boss Handels GmbH & Co. KG Mülheim-Kärlich (Mülheim-Kärlich),  SB Möbel Boss Handels GmbH & Co. KG Neunkirchen (Neunkirchen),  SB Möbel Boss Handels GmbH & Co. KG Neu Wulmstorf (Neu Wulmstorf),  SB Möbel Boss Handels GmbH & Co. KG Oberhausen (Oberhausen),  SB Möbel Boss Handels GmbH & Co. KG Offenbach (Offenbach am Main),  SB Möbel Boss Handels GmbH & Co. KG Oldenburg (Oldenburg),  SB Möbel Boss Handels GmbH & Co. KG Oranienburg (Oranienburg),  SB Möbel Boss Handels GmbH & Co. KG Osnabrück (Osnabrück),  SB Möbel Boss Handels GmbH & Co. KG Plauen (Plauen),  SB Möbel Boss Handels GmbH & Co. KG Potsdam (Potsdam),  SB Möbel Boss Handels GmbH & Co. KG Rheine (Rheine),  SB Möbel Boss Handels GmbH & Co. KG Ritterhude (Ritterhude),  SB Möbel Boss Handels GmbH & Co. KG Rostock (Rostock),  SB Möbel Boss Handels GmbH & Co. KG Saalfeld (Saalfeld/Saale),  SB Möbel Boss Handels GmbH & Co. KG Saarbrücken (Saarbrücken),  SB Möbel Boss Handels GmbH & Co. KG Sangerhausen (Sangerhausen),  SB Möbel Boss Handels GmbH & Co. KG Schönebeck (Schönebeck),  SB Möbel Boss Handels GmbH & Co. KG Soest (Soest),  SB Möbel Boss Handels GmbH & Co. KG Solingen (Solingen),  SB Möbel Boss Handels GmbH & Co. KG Sonneberg (Sonneberg),  SB Möbel Boss Handels GmbH & Co. KG Speyer (Speyer),  SB Möbel Boss Handels GmbH & Co. KG Teltow (Teltow),  SB Möbel Boss Handels GmbH & Co. KG Torgau (Torgau),  SB Möbel Boss Handels GmbH & Co. KG Wernigerode (Wernigerode),  SB Möbel Boss Handels GmbH & Co. KG Wiesbaden (Wiesbaden),  SB Möbel Boss Handels GmbH & Co. KG Wittenberg (Lutherstadt Wittenberg),  SB Möbel BOSS Handels GmbH & Co. KG Wittlich (Wittlich),  SB Möbel Boss Handels GmbH & Co. KG Wolfsburg (Wolfsburg),  SB Möbel Boss Handels GmbH & Co. KG Worms (Worms),  SB Möbel Boss Handels GmbH & Co. KG Wuppertal (Wuppertal),  SB Möbel Boss Handels GmbH & Co. KG Zeithain (Zeithain),  SB Möbel Boss Handels GmbH & Co. KG Zella-Mehlis (Zella-Mehlis),  SB Möbel Boss Handels GmbH & Co. KG Zwickau (Zwickau),  SB Möbel Boss Online Shop GmbH & Co. KG (Porta Westfalica),  SFG Handels-GmbH & Co. KG SB Möbel Boss (Mönchengladbach),  SFG Handels GmbH & Co. Objekt KG Mönchengladbach (Mönchengladbach),  Wohn Plus GmbH & Co. KG (Bayreuth) Porta Westfalica";"Rechnungslegung/ Finanzberichte";"» §§ 264 Abs. 3, 264b HGB zum Geschäftsjahr vom 01.01.2018 bis zum 31.12.2018 Porta Holding GmbH & Co. KG (Porta Westfalica)";"20.01.2020";"100%";"0d747c0b2dd5781887ce3d83356491d9";"9f9cb1735cffb8cb";"44074";"Wed Jul  8 23:47:07 2020"
"Porta Holding GmbH & Co. KG Porta Westfalica";"» Jahres- und Konzernabschluss zum Geschäftsjahr vom 01.02.2018 bis zum 31.12.2018";"17.01.2020";"0d747c0b2dd5781887ce3d83356491d9";"9f9cb1735cffb8cb";"44074";"Wed Jul  8 23:47:07 2020";"";""
"ASK Agentur für Sales und Kommunikation GmbH (Berlin),  AUDIO MEDIA SERVICE Produktionsgesellschaft mbH & Co. KG (Bielefeld),  Berliner vorwärts Verlagsgesellschaft mbH (Berlin),  Dräger + Wullenwever print + media Lübeck GmbH & Co. KG (Lübeck),  Hamburger Pressepapier Vertriebsgesellschaft mit beschränkter Haftung (Hamburg),
                                        IMAGE Ident Marketing Gesellschaft mbH (Berlin),  J. D. Küster Nachf. + Presse-Druck GmbH & Co. KG (Bielefeld),  Media IT Partner GmbH & Co. KG (Bielefeld),  Neue Westfälische Beteiligungs GmbH & Co. KG (Bielefeld),  Neue Westfälische Logistik GmbH & Co. KG (Bielefeld),  News Paper Werbung und Verlag GmbH & Co. KG (Melle),  OFFICE CONSULT Betriebswirtschaftliche Büroorganisation Beratungsgesellschaft mbH
                                       (Berlin),  Oliva Druck- und Verlagsgesellschaft mit beschränkter Haftung (Cuxhaven),  OSCAR & KALLI Film + TV GmbH & Co. 1. Produktion KG (Hamburg),  OWL-Digital GmbH & Co. KG (Bielefeld),  Presse-Druck Grundstücks GmbH & Co. KG (Hamburg),  Radio Bielefeld Betriebsgesellschaft mbH & Co. KG (Bielefeld),  Radio Gütersloh Betriebsgesellschaft mbH & Co. KG (Gütersloh),  Radio Herford Betriebsgesellschaft mbH & Co. KG (Herford),  Radio Minden-Lübbecke GmbH & Co. KG (Minden),  Radio Paderborn Betriebsgesellschaft mbH & Co. KG (Paderborn),  Stratmann Event GmbH & Co. KG (Bielefeld),  vorwärts: buchhandlung + antiquariat GmbH (Berlin),  Westfälische Medien Service GmbH & Co. KG (Bielefeld),  Wullenwever print + media Lübeck GmbH (Lübeck),  Zeitungsverlag NEUE WESTFÄLISCHE Gesellschaft mit beschränkter Haftung & Co. Kommanditgesellschaft
                                       (Bielefeld) Berlin";"Rechnungslegung/ Finanzberichte";"» §§ 264 Abs. 3, 264b HGB zum Geschäftsjahr vom 01.01.2018 bis zum 31.12.2018 Deutsche Druck- und Verlagsgesellschaft mit beschränkter Haftung (Berlin)";"16.01.2020";"100%";"0d747c0b2dd5781887ce3d83356491d9";"fee59bf67fac83d4";"44074";"Wed Jul  8 23:47:07 2020"
"Deutsche Druck- und Verlagsgesellschaft mit beschränkter Haftung Berlin";"» Konzernabschluss zum Geschäftsjahr vom 01.01.2018 bis zum 31.12.2018";"21.01.2020";"0d747c0b2dd5781887ce3d83356491d9";"fee59bf67fac83d4";"44074";"Wed Jul  8 23:47:07 2020";"";""
"UKSH Gesellschaft für IT Services mbH Lübeck";"Rechnungslegung/ Finanzberichte";"» Jahresabschluss zum Geschäftsjahr vom 01.01.2018 bis zum 31.12.2018";"08.01.2020";"100%";"0d747c0b2dd5781887ce3d83356491d9";"51ffaa7a1a3b212f";"44074";"Wed Jul  8 23:47:07 2020"
"congstar GmbH (Köln),  congstar Services GmbH (Köln),  Deutsche Telekom Außendienst GmbH (Bonn),  Deutsche Telekom Europe Holding GmbH (Bonn),  Deutsche Telekom Geschäftskunden-Vertrieb GmbH (Bonn),  Deutsche Telekom Individual Solutions & Products GmbH (Bonn),  Deutsche Telekom IT GmbH (Bonn),  Deutsche Telekom Privatkunden-Vertrieb GmbH (Bonn),  Deutsche Telekom Service GmbH (Bonn),  Deutsche Telekom Services Europe SE (Bonn),  Deutsche Telekom Technik GmbH (Bonn),  Deutsche Telekom Training GmbH (Bonn),  Deutsche Telekom Venture Funds GmbH (Bonn),  DFMG Holding GmbH (Bonn),  DFMG Zwischenholding GmbH (Bonn),  GMG Generalmietgesellschaft mbH (Köln),  PASM Power and Air Condition Solution Management GmbH (München),  SCS Personalberatung GmbH (Frankfurt am Main),  Telekom Deutschland GmbH (Bonn),  Telekom Deutschland Multibrand GmbH (Bonn),  Telekom Innovation Pool GmbH (Bonn),  T-Mobile Global Holding GmbH (Bonn),  T-Mobile Global Zwischenholding GmbH (Bonn),  T-Mobile HotSpot GmbH (Bonn),  T-Mobile Newco Nr. 4 GmbH (Bonn),  Vivento Customer Services GmbH (Bonn) Bonn";"Rechnungslegung/ Finanzberichte";"» §§ 264 Abs. 3, 264b HGB zum Geschäftsjahr vom 01.01.2019 bis zum 31.12.2019 Deutsche Telekom AG (Bonn)";"15.11.2019";"100%";"0d747c0b2dd5781887ce3d83356491d9";"e503432dd60de20c";"44074";"Wed Jul  8 23:47:07 2020"
"Deutsche Telekom AG Bonn";"» Konzernabschluss zum Geschäftsjahr vom 01.01.2019 bis zum 31.12.2019";"23.06.2020";"0d747c0b2dd5781887ce3d83356491d9";"e503432dd60de20c";"44074";"Wed Jul  8 23:47:07 2020";"";""
"Universal-IT Services-Gesellschaft mbH Frankfurt am Main";"Rechnungslegung/ Finanzberichte";"» Jahresabschluss zum Geschäftsjahr vom 01.10.2017 bis zum 30.09.2018";"24.10.2019";"100%";"0d747c0b2dd5781887ce3d83356491d9";"efa35302deb78185";"44074";"Wed Jul  8 23:47:07 2020"
"""AGV Allgemeine Grundstücksverwaltungsgesellschaft mbH"" (Essen),  BZV Medienhaus GmbH (Braunschweig),  FUNKE Corporate IT GmbH (Essen),  FUNKE DIGITAL GmbH (Berlin),  FUNKE Druck GmbH (Essen),  FUNKE Foto Services GmbH (Essen),  FUNKE Lifestyle GmbH (Essen),  FUNKE MEDIEN NRW GmbH (Essen),  FUNKE Medien Services GmbH (Essen),  FUNKE Operations GmbH (Essen),  FUNKE Sales GmbH (Essen),  FUNKE Vermarktungs Holding GmbH (Essen),  FUNKE Zeitschriften GmbH (Ismaning),  FUNKE Zentralredaktion Berlin GmbH (Berlin),  Globista GmbH (Essen),  Mediengruppe Thüringen GmbH (Erfurt),  WAZ Finanzierungs-GmbH (Essen),  Zeitungsgruppe Hamburg GmbH (Hamburg) Essen";"Rechnungslegung/ Finanzberichte";"» §§ 264 Abs. 3, 264b HGB zum Geschäftsjahr vom 01.01.2018 bis zum 31.12.2018 FUNKE MEDIENGRUPPE GmbH & Co. KGaA (Essen)";"31.07.2019";"100%";"0d747c0b2dd5781887ce3d83356491d9";"5e8d6911a27ee7d2";"44074";"Wed Jul  8 23:47:07 2020"
"FUNKE MEDIENGRUPPE GmbH & Co. KGaA Essen";"» Konzernabschluss zum Geschäftsjahr vom 01.01.2018 bis zum 31.12.2018";"13.12.2019";"0d747c0b2dd5781887ce3d83356491d9";"5e8d6911a27ee7d2";"44074";"Wed Jul  8 23:47:07 2020";"";""
"RPC Bebo Division Management & IT Services GmbH (Bremervörde),  RPC Bebo Plastik GmbH (Bremervörde),  RPC Bebo Print Patent GmbH (Bremervörde),  RPC Bramlage Dinklage GmbH & Co. KG (Dinklage),  RPC Bramlage Division GmbH & Co. KG (Lohne),  RPC Bramlage Food GmbH (Celle),  RPC Bramlage GmbH (Lohne),  RPC Bramlage Werkzeugbau GmbH & Co. KG (Lohne),  RPC Formatec GmbH (Mellrichstadt),  RPC Formatec Verwaltungsgesellschaft mbH (Bremervörde),  RPC Neutraubling GmbH (Mellrichstadt),  RPC Verpackungen Kutenholz GmbH (Kutenholz),  RPC Wiko GmbH (Lohne),  RPC Wiko Verwaltungsgesellschaft mbH (Lohne) Bremervörde";"Rechnungslegung/ Finanzberichte";"» §§ 264 Abs. 3, 264b HGB zum Geschäftsjahr vom 01.04.2018 bis zum 31.03.2019 RPC Packaging Holdings (Deutschland) B.V. & Co. KG (Bremervörde)";"27.05.2019";"100%";"0d747c0b2dd5781887ce3d83356491d9";"c42c3c3929d1fda1";"44074";"Wed Jul  8 23:47:07 2020"
"RPC Packaging Holdings (Deutschland) B.V. & Co. KG Bremervörde";"» Konzernabschluss zum Geschäftsjahr vom 01.04.2018 bis zum 31.03.2019";"30.03.2020";"0d747c0b2dd5781887ce3d83356491d9";"c42c3c3929d1fda1";"44074";"Wed Jul  8 23:47:07 2020";"";""
"AMARAS AG (Monheim am Rhein),  ARP Europe GmbH (Heilbronn),  ARP GmbH (Dietzenbach),  Bechtle-Comsoft GmbH (Neckarsulm),  Bechtle Data Verwaltungs-GmbH (Gaildorf),  Bechtle direct GmbH (Neckarsulm),  Bechtle Field Services Verwaltungs-GmbH (Neckarsulm),  Bechtle Finance GmbH (Neckarsulm),  Bechtle Finanz- & Marketingservices GmbH (Gaildorf),  Bechtle GmbH (Ulm),  Bechtle Hosting & Operations Verwaltungs-GmbH (Neckarsulm),  Bechtle Kapitalbeteiligungs-Verwaltungs-GmbH (Gaildorf),  Bechtle Remarketing GmbH (Wesel),  Bechtle Verwaltungs-GmbH (Bielefeld),  Bechtle Verwaltungs-GmbH (Bonn),  Bechtle Verwaltungs-GmbH (Chemnitz),  Bechtle Verwaltungs-GmbH (Münster),  Bechtle Verwaltungs-GmbH (Ober-Mörlen),  BO Bechtle Verwaltungs- GmbH (Duisburg),  C-CAM GmbH (Chemnitz),  DA Bechtle Verwaltungs-GmbH (Darmstadt),  FH Bechtle Verwaltungs-GmbH (Friedrichshafen),  HanseVision GmbH (Hamburg),  HCV Data Management GmbH (Walluf),  HN Bechtle Verwaltungs-GmbH (Neckarsulm),  intelligent IT solutions Beteiligungs-GmbH (Gaildorf),  KA Bechtle Verwaltungs-GmbH (Karlsruhe),  MA Bechtle Verwaltungs- GmbH (Mannheim),  MH Bechtle Verwaltungs-GmbH (Gaildorf),  MODUS Consult AG (Gütersloh),  MS Mikro Software Gesellschaft für Systemanalyse und Engineering mbH (Gaildorf),
                                        OCR Datensysteme GmbH (Gaildorf),  PSB IT-Service GmbH (Ober-Mörlen),  RB Bechtle Verwaltungs-GmbH (Rottenburg am Neckar),  REG Bechtle Verwaltungs-GmbH (Regensburg),  Solid Line Aktiengesellschaft (Walluf),  SolidPro Informationssysteme GmbH (Langenau) Neckarsulm";"Rechnungslegung/ Finanzberichte";"» §§ 264 Abs. 3, 264b HGB zum Geschäftsjahr vom 01.01.2018 bis zum 31.12.2018 Bechtle Aktiengesellschaft (Neckarsulm)";"01.04.2019";"100%";"0d747c0b2dd5781887ce3d83356491d9";"91b5152c915cc231";"44074";"Wed Jul  8 23:47:07 2020"
"Bechtle Aktiengesellschaft Neckarsulm";"» Konzernabschluss zum Geschäftsjahr vom 01.01.2018 bis zum 31.12.2018";"28.03.2019";"0d747c0b2dd5781887ce3d83356491d9";"91b5152c915cc231";"44074";"Wed Jul  8 23:47:07 2020";"";""
